77.0
10
203.0
31.5
2.0
105.5
155.5
53.0
10.5
73.5
116.5
19.0
155.24
100
203.0
31.5
2.0
105.5
155.5
53.0
10.5
73.5
116.5
19.0
78.5
47.0
95.0
157.5
104.0
24.0
29.5
47.5
117.5
98.5
0.5
175.0
237.5
60.0
113.0
46.5
18.5
31.5
54.0
59.5
86.0
108.0
11.5
107.5
31.5
126.0
24.5
15.0
44.0
273.5
18.0
98.0
223.5
298.5
150.0
52.5
103.5
59.0
65.0
63.0
383.0
382.5
393.0
129.0
133.0
398.0
66.0
114.5
448.5
65.0
107.5
333.0
174.5
118.5
274.5
292.5
136.0
80.0
427.5
222.5
577.0
579.5
589.0
38.5
39.0
343.5
240.5
239.0
463.5
237.0
233.5
597.5
9.5
82.5
84.5
78.0
550.0
211.5
78.0
8.5
227.0
38.0
36.5
149.5
9.0
36.5
456.5
39.5
215.5
33.5
155.24
100
203.0
31.5
2.0
105.5
155.5
53.0
10.5
73.5
116.5
19.0
78.5
47.0
95.0
157.5
104.0
24.0
29.5
47.5
117.5
98.5
0.5
175.0
237.5
60.0
113.0
46.5
18.5
31.5
54.0
59.5
86.0
108.0
11.5
107.5
31.5
126.0
24.5
15.0
44.0
273.5
18.0
98.0
223.5
298.5
150.0
52.5
103.5
59.0
65.0
63.0
383.0
382.5
393.0
129.0
133.0
398.0
66.0
114.5
448.5
65.0
107.5
333.0
174.5
118.5
274.5
292.5
136.0
80.0
427.5
222.5
577.0
579.5
589.0
38.5
39.0
343.5
240.5
239.0
463.5
237.0
233.5
597.5
9.5
82.5
84.5
78.0
550.0
211.5
78.0
8.5
227.0
38.0
36.5
149.5
9.0
36.5
456.5
39.5
215.5
33.5
155.24
100
203.0
31.5
2.0
105.5
155.5
53.0
10.5
73.5
116.5
19.0
78.5
47.0
95.0
157.5
104.0
24.0
29.5
47.5
117.5
98.5
0.5
175.0
237.5
60.0
113.0
46.5
18.5
31.5
54.0
59.5
86.0
108.0
11.5
107.5
31.5
126.0
24.5
15.0
44.0
273.5
18.0
98.0
223.5
298.5
150.0
52.5
103.5
59.0
65.0
63.0
383.0
382.5
393.0
129.0
133.0
398.0
66.0
114.5
448.5
65.0
107.5
333.0
174.5
118.5
274.5
292.5
136.0
80.0
427.5
222.5
577.0
579.5
589.0
38.5
39.0
343.5
240.5
239.0
463.5
237.0
233.5
597.5
9.5
82.5
84.5
78.0
550.0
211.5
78.0
8.5
227.0
38.0
36.5
149.5
9.0
36.5
456.5
39.5
215.5
33.5
