155.24
100
203.0
31.5
2.0
105.5
155.5
53.0
10.5
73.5
116.5
19.0
78.5
47.0
95.0
157.5
104.0
24.0
29.5
47.5
117.5
98.5
0.5
175.0
237.5
60.0
113.0
46.5
18.5
31.5
54.0
59.5
86.0
108.0
11.5
107.5
31.5
126.0
24.5
15.0
44.0
273.5
18.0
98.0
223.5
298.5
150.0
52.5
103.5
59.0
65.0
63.0
383.0
382.5
393.0
129.0
133.0
398.0
66.0
114.5
448.5
65.0
107.5
333.0
174.5
118.5
274.5
292.5
136.0
80.0
427.5
222.5
577.0
579.5
589.0
38.5
39.0
343.5
240.5
239.0
463.5
237.0
233.5
597.5
9.5
82.5
84.5
78.0
550.0
211.5
78.0
8.5
227.0
38.0
36.5
149.5
9.0
36.5
456.5
39.5
215.5
33.5
155.24
100
203.0
31.5
2.0
105.5
155.5
53.0
10.5
73.5
116.5
19.0
78.5
47.0
95.0
157.5
104.0
24.0
29.5
47.5
117.5
98.5
0.5
175.0
237.5
60.0
113.0
46.5
18.5
31.5
54.0
59.5
86.0
108.0
11.5
107.5
31.5
126.0
24.5
15.0
44.0
273.5
18.0
98.0
223.5
298.5
150.0
52.5
103.5
59.0
65.0
63.0
383.0
382.5
393.0
129.0
133.0
398.0
66.0
114.5
448.5
65.0
107.5
333.0
174.5
118.5
274.5
292.5
136.0
80.0
427.5
222.5
577.0
579.5
589.0
38.5
39.0
343.5
240.5
239.0
463.5
237.0
233.5
597.5
9.5
82.5
84.5
78.0
550.0
211.5
78.0
8.5
227.0
38.0
36.5
149.5
9.0
36.5
456.5
39.5
215.5
33.5
34.5
2
43.0
26.0
34.5
2
43.0
26.0
34.5
2
43.0
26.0
34.5
2
43.0
26.0
34.5
2
43.0
26.0
34.5
2
43.0
26.0
155.24
100
203.0
31.5
2.0
105.5
155.5
53.0
10.5
73.5
116.5
19.0
78.5
47.0
95.0
157.5
104.0
24.0
29.5
47.5
117.5
98.5
0.5
175.0
237.5
60.0
113.0
46.5
18.5
31.5
54.0
59.5
86.0
108.0
11.5
107.5
31.5
126.0
24.5
15.0
44.0
273.5
18.0
98.0
223.5
298.5
150.0
52.5
103.5
59.0
65.0
63.0
383.0
382.5
393.0
129.0
133.0
398.0
66.0
114.5
448.5
65.0
107.5
333.0
174.5
118.5
274.5
292.5
136.0
80.0
427.5
222.5
577.0
579.5
589.0
38.5
39.0
343.5
240.5
239.0
463.5
237.0
233.5
597.5
9.5
82.5
84.5
78.0
550.0
211.5
78.0
8.5
227.0
38.0
36.5
149.5
9.0
36.5
456.5
39.5
215.5
33.5
155.24
100
203.0
31.5
2.0
105.5
155.5
53.0
10.5
73.5
116.5
19.0
78.5
47.0
95.0
157.5
104.0
24.0
29.5
47.5
117.5
98.5
0.5
175.0
237.5
60.0
113.0
46.5
18.5
31.5
54.0
59.5
86.0
108.0
11.5
107.5
31.5
126.0
24.5
15.0
44.0
273.5
18.0
98.0
223.5
298.5
150.0
52.5
103.5
59.0
65.0
63.0
383.0
382.5
393.0
129.0
133.0
398.0
66.0
114.5
448.5
65.0
107.5
333.0
174.5
118.5
274.5
292.5
136.0
80.0
427.5
222.5
577.0
579.5
589.0
38.5
39.0
343.5
240.5
239.0
463.5
237.0
233.5
597.5
9.5
82.5
84.5
78.0
550.0
211.5
78.0
8.5
227.0
38.0
36.5
149.5
9.0
36.5
456.5
39.5
215.5
33.5
149.5275
200
203.0
31.5
2.0
105.5
155.5
53.0
10.5
73.5
116.5
19.0
78.5
47.0
95.0
157.5
104.0
24.0
29.5
47.5
117.5
98.5
0.5
175.0
237.5
60.0
113.0
46.5
18.5
31.5
54.0
59.5
86.0
108.0
11.5
107.5
31.5
126.0
24.5
15.0
44.0
273.5
18.0
98.0
223.5
298.5
150.0
52.5
103.5
59.0
65.0
63.0
383.0
382.5
393.0
129.0
133.0
398.0
66.0
114.5
448.5
65.0
107.5
333.0
174.5
118.5
274.5
292.5
136.0
80.0
427.5
222.5
577.0
579.5
589.0
38.5
39.0
343.5
240.5
239.0
463.5
237.0
233.5
597.5
9.5
82.5
84.5
78.0
550.0
211.5
78.0
8.5
227.0
38.0
36.5
149.5
9.0
36.5
456.5
39.5
215.5
33.5
221.0
101.0
103.5
189.5
399.0
7.5
165.5
65.5
185.5
186.0
191.5
125.5
30.5
28.5
118.5
25.0
92.0
29.0
68.0
352.5
185.0
7.5
449.0
63.5
7.0
7.0
25.5
152.5
171.0
34.5
286.5
387.5
289.5
8.5
391.0
386.5
70.5
67.0
251.0
225.5
13.5
40.5
5.0
5.0
58.5
134.5
52.5
11.0
4.0
8.0
0.0
1.0
55.0
51.5
39.0
143.0
61.0
184.0
4.0
15.5
56.0
232.0
5.5
569.0
35.5
36.0
147.5
8.5
37.5
9.0
81.5
222.0
38.0
138.5
9.0
413.0
538.0
9.0
405.0
31.0
120.0
29.0
517.0
69.0
128.5
309.5
428.5
34.0
315.5
10.0
134.5
214.0
419.5
433.0
442.0
142.5
78.0
147.5
36.0
314.5
140.125
1000
203.0
31.5
2.0
105.5
155.5
53.0
10.5
73.5
116.5
19.0
78.5
47.0
95.0
157.5
104.0
24.0
29.5
47.5
117.5
98.5
0.5
175.0
237.5
60.0
113.0
46.5
18.5
31.5
54.0
59.5
86.0
108.0
11.5
107.5
31.5
126.0
24.5
15.0
44.0
273.5
18.0
98.0
223.5
298.5
150.0
52.5
103.5
59.0
65.0
63.0
383.0
382.5
393.0
129.0
133.0
398.0
66.0
114.5
448.5
65.0
107.5
333.0
174.5
118.5
274.5
292.5
136.0
80.0
427.5
222.5
577.0
579.5
589.0
38.5
39.0
343.5
240.5
239.0
463.5
237.0
233.5
597.5
9.5
82.5
84.5
78.0
550.0
211.5
78.0
8.5
227.0
38.0
36.5
149.5
9.0
36.5
456.5
39.5
215.5
33.5
221.0
101.0
103.5
189.5
399.0
7.5
165.5
65.5
185.5
186.0
191.5
125.5
30.5
28.5
118.5
25.0
92.0
29.0
68.0
352.5
185.0
7.5
449.0
63.5
7.0
7.0
25.5
152.5
171.0
34.5
286.5
387.5
289.5
8.5
391.0
386.5
70.5
67.0
251.0
225.5
13.5
40.5
5.0
5.0
58.5
134.5
52.5
11.0
4.0
8.0
0.0
1.0
55.0
51.5
39.0
143.0
61.0
184.0
4.0
15.5
56.0
232.0
5.5
569.0
35.5
36.0
147.5
8.5
37.5
9.0
81.5
222.0
38.0
138.5
9.0
413.0
538.0
9.0
405.0
31.0
120.0
29.0
517.0
69.0
128.5
309.5
428.5
34.0
315.5
10.0
134.5
214.0
419.5
433.0
442.0
142.5
78.0
147.5
36.0
314.5
34.5
271.5
62.5
56.0
42.5
72.0
38.5
156.5
72.0
124.0
370.0
284.0
170.0
274.0
198.5
286.5
31.5
483.5
360.5
26.5
122.0
139.0
39.5
111.5
119.5
3.0
16.5
88.5
102.5
184.0
146.5
111.5
31.0
157.0
6.5
24.0
15.5
99.5
88.5
208.0
25.5
153.5
211.0
42.5
130.0
19.5
274.5
301.0
232.5
156.5
229.0
230.5
105.0
395.5
316.0
58.0
195.0
183.5
181.0
310.5
117.0
29.5
5.0
11.0
68.5
149.0
220.5
205.0
168.0
62.5
199.5
199.0
19.0
89.5
12.5
31.5
2.5
56.5
169.0
115.5
9.5
2.5
123.0
65.5
155.0
2.5
213.5
58.0
18.0
17.5
234.0
122.0
56.0
160.5
321.5
97.0
27.0
61.0
25.0
439.5
26.0
6.0
250.5
246.5
278.0
21.0
23.0
28.0
34.5
173.0
9.0
8.5
74.5
425.0
562.5
435.5
35.5
34.5
406.0
300.0
385.0
492.5
174.0
24.0
25.0
436.5
110.5
258.5
121.5
31.5
8.5
184.0
453.5
60.5
116.5
258.5
29.5
61.5
27.5
80.5
257.0
6.5
198.5
99.5
22.5
21.5
355.5
60.5
68.5
67.5
445.0
172.0
329.0
27.0
7.0
171.0
460.5
266.0
125.0
230.0
9.5
34.0
8.0
31.0
8.5
8.0
65.5
150.0
228.5
250.5
179.0
5.5
41.0
71.5
78.5
134.5
192.0
49.0
197.5
20.5
108.0
7.5
30.5
110.0
301.0
260.0
5.5
330.0
5.0
20.5
5.0
441.0
37.5
226.5
331.0
8.5
604.0
149.0
336.5
9.0
39.0
236.0
324.0
10.0
9.0
292.5
7.0
29.5
288.5
75.0
120.5
378.5
51.0
22.5
21.5
92.0
201.0
24.5
196.5
20.0
6.5
71.0
132.5
33.0
186.5
17.5
147.5
43.0
5.0
291.0
90.5
126.0
215.0
54.0
4.5
110.0
59.5
2.0
1.0
36.0
0.5
22.5
7.5
1.5
57.0
0.0
46.5
36.0
6.0
53.0
98.0
104.0
16.5
2.0
18.0
23.5
67.0
391.5
30.0
128.5
129.5
6.0
26.0
375.5
122.5
8.0
522.0
33.0
554.5
429.5
427.0
140.0
140.5
435.0
570.0
83.0
84.0
154.0
241.0
346.0
10.5
469.5
467.0
85.5
84.0
35.5
84.0
337.0
231.5
541.5
501.5
282.0
205.0
34.5
119.0
467.0
114.0
65.5
226.5
444.0
473.5
30.0
385.5
122.5
32.0
66.0
272.5
8.0
7.0
195.5
123.0
385.0
199.0
494.0
30.0
7.0
394.5
200.5
78.0
73.5
528.0
206.0
504.5
7.5
67.0
29.0
412.0
7.5
159.0
5.0
165.5
109.0
467.5
29.5
357.5
260.0
187.5
66.0
177.5
171.5
5.0
228.0
422.0
103.0
106.0
60.5
64.5
381.5
67.5
69.0
305.0
138.0
79.5
280.5
119.0
32.5
299.5
207.0
35.5
376.5
372.0
7.0
67.0
67.5
114.0
422.0
7.0
162.5
6.0
64.0
29.0
379.0
7.5
30.5
302.0
541.0
213.0
422.0
35.5
490.0
280.0
377.0
271.5
67.0
442.5
246.0
33.0
464.0
239.5
152.5
237.5
244.5
40.0
292.0
33.0
39.5
25.5
6.5
173.5
49.0
3.0
102.0
4.5
5.5
86.5
191.5
134.5
161.5
40.5
115.0
137.5
17.0
36.5
37.5
63.5
35.5
130.0
203.0
30.5
2.0
4.0
13.0
2.5
56.5
133.5
36.5
87.5
190.0
200.0
203.5
5.0
69.5
208.5
151.0
261.5
201.0
13.5
3.0
167.0
43.0
229.0
228.5
285.5
4.5
38.5
102.0
239.0
2.5
14.5
3.0
239.0
18.0
37.5
63.5
4.0
319.5
86.0
19.0
20.0
260.5
21.5
137.0
193.0
134.0
88.5
185.0
47.5
78.5
24.0
134.5
181.5
5.5
46.5
19.5
299.5
19.0
281.0
18.0
42.0
17.0
103.5
108.0
3.5
74.5
265.5
18.0
61.0
31.0
195.0
269.5
65.0
154.5
215.5
3.5
217.0
116.5
293.5
305.5
69.0
454.0
245.5
160.0
272.0
227.5
194.0
1.5
55.5
16.5
132.0
55.5
139.5
49.0
227.5
25.5
192.0
155.0
34.0
100.5
2.0
18.0
4.0
8.5
10.5
55.5
137.5
202.5
13.0
49.0
127.5
88.5
92.5
34.5
36.0
4.0
178.5
222.0
85.5
168.5
59.5
93.0
62.0
35.0
182.0
15.5
195.0
5.5
131.0
242.0
91.0
242.0
180.0
4.0
181.5
84.0
84.0
3.0
206.0
174.0
9.5
72.0
14.5
148.5
3.0
125.5
88.5
39.0
23.5
24.5
129.0
47.5
101.0
24.0
26.5
106.5
144.0
106.5
29.5
185.0
102.0
2.5
91.0
88.5
7.0
108.5
68.5
28.0
75.5
29.0
81.5
13.0
98.0
104.0
51.0
52.5
126.5
182.0
35.5
14.5
63.0
218.0
28.0
179.0
57.5
121.5
86.0
53.5
40.5
182.0
89.5
9.0
21.0
54.5
6.0
68.0
0.5
29.5
1.5
2.5
4.5
33.5
1.0
15.0
0.0
6.0
0.5
0.5
5.5
6.5
3.0
8.5
12.0
5.0
8.0
12.5
19.5
4.0
95.0
25.0
268.5
193.0
32.5
418.5
215.0
302.5
78.0
34.5
211.0
76.0
33.5
306.5
9.0
400.0
72.0
130.5
130.5
7.0
290.0
389.0
32.0
197.5
72.0
375.0
275.5
273.0
69.5
272.0
269.5
364.0
477.0
366.0
485.5
481.0
30.0
357.5
29.0
361.0
183.5
66.0
66.0
174.0
28.0
319.5
413.0
411.5
232.5
6.5
6.0
172.0
115.5
271.5
7.5
474.0
485.0
487.0
269.5
187.5
491.0
371.0
67.0
359.0
269.0
365.5
180.5
254.5
230.5
81.5
358.0
161.5
4.0
76.5
39.5
22.5
138.5
29.0
63.5
117.5
32.0
9.0
29.0
30.0
90.5
2.0
13.5
3.5
4.5
9.0
17.0
9.0
9.0
9.5
39.5
9.5
25.5
96.0
75.0
88.0
48.0
82.0
13.5
5.0
39.5
24.5
4.5
2.0
11.0
1.5
27.0
2.0
61.0
27.0
33.0
26.0
73.0
95.0
99.0
4.5
172.5
360.0
6.5
310.0
304.5
455.5
6.5
484.5
272.5
69.0
124.5
374.0
274.5
8.5
502.5
508.0
515.0
523.5
205.0
210.5
76.5
564.0
220.5
35.0
79.0
221.0
34.5
573.5
8.5
441.5
324.0
36.5
225.0
81.0
8.5
37.5
325.0
445.0
9.5
226.0
9.0
75.5
7.5
22.5
140.826
2000
203.0
31.5
2.0
105.5
155.5
53.0
10.5
73.5
116.5
19.0
78.5
47.0
95.0
157.5
104.0
24.0
29.5
47.5
117.5
98.5
0.5
175.0
237.5
60.0
113.0
46.5
18.5
31.5
54.0
59.5
86.0
108.0
11.5
107.5
31.5
126.0
24.5
15.0
44.0
273.5
18.0
98.0
223.5
298.5
150.0
52.5
103.5
59.0
65.0
63.0
383.0
382.5
393.0
129.0
133.0
398.0
66.0
114.5
448.5
65.0
107.5
333.0
174.5
118.5
274.5
292.5
136.0
80.0
427.5
222.5
577.0
579.5
589.0
38.5
39.0
343.5
240.5
239.0
463.5
237.0
233.5
597.5
9.5
82.5
84.5
78.0
550.0
211.5
78.0
8.5
227.0
38.0
36.5
149.5
9.0
36.5
456.5
39.5
215.5
33.5
221.0
101.0
103.5
189.5
399.0
7.5
165.5
65.5
185.5
186.0
191.5
125.5
30.5
28.5
118.5
25.0
92.0
29.0
68.0
352.5
185.0
7.5
449.0
63.5
7.0
7.0
25.5
152.5
171.0
34.5
286.5
387.5
289.5
8.5
391.0
386.5
70.5
67.0
251.0
225.5
13.5
40.5
5.0
5.0
58.5
134.5
52.5
11.0
4.0
8.0
0.0
1.0
55.0
51.5
39.0
143.0
61.0
184.0
4.0
15.5
56.0
232.0
5.5
569.0
35.5
36.0
147.5
8.5
37.5
9.0
81.5
222.0
38.0
138.5
9.0
413.0
538.0
9.0
405.0
31.0
120.0
29.0
517.0
69.0
128.5
309.5
428.5
34.0
315.5
10.0
134.5
214.0
419.5
433.0
442.0
142.5
78.0
147.5
36.0
314.5
34.5
271.5
62.5
56.0
42.5
72.0
38.5
156.5
72.0
124.0
370.0
284.0
170.0
274.0
198.5
286.5
31.5
483.5
360.5
26.5
122.0
139.0
39.5
111.5
119.5
3.0
16.5
88.5
102.5
184.0
146.5
111.5
31.0
157.0
6.5
24.0
15.5
99.5
88.5
208.0
25.5
153.5
211.0
42.5
130.0
19.5
274.5
301.0
232.5
156.5
229.0
230.5
105.0
395.5
316.0
58.0
195.0
183.5
181.0
310.5
117.0
29.5
5.0
11.0
68.5
149.0
220.5
205.0
168.0
62.5
199.5
199.0
19.0
89.5
12.5
31.5
2.5
56.5
169.0
115.5
9.5
2.5
123.0
65.5
155.0
2.5
213.5
58.0
18.0
17.5
234.0
122.0
56.0
160.5
321.5
97.0
27.0
61.0
25.0
439.5
26.0
6.0
250.5
246.5
278.0
21.0
23.0
28.0
34.5
173.0
9.0
8.5
74.5
425.0
562.5
435.5
35.5
34.5
406.0
300.0
385.0
492.5
174.0
24.0
25.0
436.5
110.5
258.5
121.5
31.5
8.5
184.0
453.5
60.5
116.5
258.5
29.5
61.5
27.5
80.5
257.0
6.5
198.5
99.5
22.5
21.5
355.5
60.5
68.5
67.5
445.0
172.0
329.0
27.0
7.0
171.0
460.5
266.0
125.0
230.0
9.5
34.0
8.0
31.0
8.5
8.0
65.5
150.0
228.5
250.5
179.0
5.5
41.0
71.5
78.5
134.5
192.0
49.0
197.5
20.5
108.0
7.5
30.5
110.0
301.0
260.0
5.5
330.0
5.0
20.5
5.0
441.0
37.5
226.5
331.0
8.5
604.0
149.0
336.5
9.0
39.0
236.0
324.0
10.0
9.0
292.5
7.0
29.5
288.5
75.0
120.5
378.5
51.0
22.5
21.5
92.0
201.0
24.5
196.5
20.0
6.5
71.0
132.5
33.0
186.5
17.5
147.5
43.0
5.0
291.0
90.5
126.0
215.0
54.0
4.5
110.0
59.5
2.0
1.0
36.0
0.5
22.5
7.5
1.5
57.0
0.0
46.5
36.0
6.0
53.0
98.0
104.0
16.5
2.0
18.0
23.5
67.0
391.5
30.0
128.5
129.5
6.0
26.0
375.5
122.5
8.0
522.0
33.0
554.5
429.5
427.0
140.0
140.5
435.0
570.0
83.0
84.0
154.0
241.0
346.0
10.5
469.5
467.0
85.5
84.0
35.5
84.0
337.0
231.5
541.5
501.5
282.0
205.0
34.5
119.0
467.0
114.0
65.5
226.5
444.0
473.5
30.0
385.5
122.5
32.0
66.0
272.5
8.0
7.0
195.5
123.0
385.0
199.0
494.0
30.0
7.0
394.5
200.5
78.0
73.5
528.0
206.0
504.5
7.5
67.0
29.0
412.0
7.5
159.0
5.0
165.5
109.0
467.5
29.5
357.5
260.0
187.5
66.0
177.5
171.5
5.0
228.0
422.0
103.0
106.0
60.5
64.5
381.5
67.5
69.0
305.0
138.0
79.5
280.5
119.0
32.5
299.5
207.0
35.5
376.5
372.0
7.0
67.0
67.5
114.0
422.0
7.0
162.5
6.0
64.0
29.0
379.0
7.5
30.5
302.0
541.0
213.0
422.0
35.5
490.0
280.0
377.0
271.5
67.0
442.5
246.0
33.0
464.0
239.5
152.5
237.5
244.5
40.0
292.0
33.0
39.5
25.5
6.5
173.5
49.0
3.0
102.0
4.5
5.5
86.5
191.5
134.5
161.5
40.5
115.0
137.5
17.0
36.5
37.5
63.5
35.5
130.0
203.0
30.5
2.0
4.0
13.0
2.5
56.5
133.5
36.5
87.5
190.0
200.0
203.5
5.0
69.5
208.5
151.0
261.5
201.0
13.5
3.0
167.0
43.0
229.0
228.5
285.5
4.5
38.5
102.0
239.0
2.5
14.5
3.0
239.0
18.0
37.5
63.5
4.0
319.5
86.0
19.0
20.0
260.5
21.5
137.0
193.0
134.0
88.5
185.0
47.5
78.5
24.0
134.5
181.5
5.5
46.5
19.5
299.5
19.0
281.0
18.0
42.0
17.0
103.5
108.0
3.5
74.5
265.5
18.0
61.0
31.0
195.0
269.5
65.0
154.5
215.5
3.5
217.0
116.5
293.5
305.5
69.0
454.0
245.5
160.0
272.0
227.5
194.0
1.5
55.5
16.5
132.0
55.5
139.5
49.0
227.5
25.5
192.0
155.0
34.0
100.5
2.0
18.0
4.0
8.5
10.5
55.5
137.5
202.5
13.0
49.0
127.5
88.5
92.5
34.5
36.0
4.0
178.5
222.0
85.5
168.5
59.5
93.0
62.0
35.0
182.0
15.5
195.0
5.5
131.0
242.0
91.0
242.0
180.0
4.0
181.5
84.0
84.0
3.0
206.0
174.0
9.5
72.0
14.5
148.5
3.0
125.5
88.5
39.0
23.5
24.5
129.0
47.5
101.0
24.0
26.5
106.5
144.0
106.5
29.5
185.0
102.0
2.5
91.0
88.5
7.0
108.5
68.5
28.0
75.5
29.0
81.5
13.0
98.0
104.0
51.0
52.5
126.5
182.0
35.5
14.5
63.0
218.0
28.0
179.0
57.5
121.5
86.0
53.5
40.5
182.0
89.5
9.0
21.0
54.5
6.0
68.0
0.5
29.5
1.5
2.5
4.5
33.5
1.0
15.0
0.0
6.0
0.5
0.5
5.5
6.5
3.0
8.5
12.0
5.0
8.0
12.5
19.5
4.0
95.0
25.0
268.5
193.0
32.5
418.5
215.0
302.5
78.0
34.5
211.0
76.0
33.5
306.5
9.0
400.0
72.0
130.5
130.5
7.0
290.0
389.0
32.0
197.5
72.0
375.0
275.5
273.0
69.5
272.0
269.5
364.0
477.0
366.0
485.5
481.0
30.0
357.5
29.0
361.0
183.5
66.0
66.0
174.0
28.0
319.5
413.0
411.5
232.5
6.5
6.0
172.0
115.5
271.5
7.5
474.0
485.0
487.0
269.5
187.5
491.0
371.0
67.0
359.0
269.0
365.5
180.5
254.5
230.5
81.5
358.0
161.5
4.0
76.5
39.5
22.5
138.5
29.0
63.5
117.5
32.0
9.0
29.0
30.0
90.5
2.0
13.5
3.5
4.5
9.0
17.0
9.0
9.0
9.5
39.5
9.5
25.5
96.0
75.0
88.0
48.0
82.0
13.5
5.0
39.5
24.5
4.5
2.0
11.0
1.5
27.0
2.0
61.0
27.0
33.0
26.0
73.0
95.0
99.0
4.5
172.5
360.0
6.5
310.0
304.5
455.5
6.5
484.5
272.5
69.0
124.5
374.0
274.5
8.5
502.5
508.0
515.0
523.5
205.0
210.5
76.5
564.0
220.5
35.0
79.0
221.0
34.5
573.5
8.5
441.5
324.0
36.5
225.0
81.0
8.5
37.5
325.0
445.0
9.5
226.0
9.0
75.5
7.5
22.5
178.0
37.0
29.5
14.0
87.0
113.5
4.0
53.5
26.0
3.0
4.0
7.5
36.0
72.0
7.0
2.5
5.0
2.0
111.5
102.0
87.5
41.0
3.5
3.0
2.0
0.5
42.5
13.0
54.0
137.5
10.0
55.0
124.0
8.0
8.5
124.5
2.0
79.5
172.5
132.5
2.0
449.5
332.0
228.5
23.5
97.0
239.0
25.5
66.5
63.5
66.0
70.5
123.5
538.5
538.5
32.0
30.0
67.0
8.0
5.5
27.0
112.5
27.0
6.0
67.5
73.0
135.0
547.5
8.5
413.5
79.5
214.0
8.0
430.5
449.5
238.0
239.0
461.5
236.0
228.5
454.0
37.5
326.0
146.5
221.0
311.0
417.5
570.0
575.5
150.5
607.0
148.5
36.0
604.5
149.5
148.5
10.5
567.5
184.5
425.0
26.5
281.0
22.5
25.5
135.5
535.0
59.0
114.5
29.0
185.0
361.5
66.0
175.0
447.5
247.0
108.0
316.0
321.5
64.0
439.5
67.0
31.0
260.0
29.5
392.5
6.5
194.0
214.0
347.5
123.0
198.0
7.5
521.5
204.0
200.5
31.0
279.0
356.5
223.0
27.5
61.5
159.0
70.0
31.5
66.5
50.5
15.0
12.5
0.0
3.5
0.0
2.0
76.5
8.0
13.5
199.0
240.0
17.0
4.0
60.0
17.0
104.0
6.5
199.5
445.0
452.0
147.0
428.0
34.0
8.5
137.0
9.5
34.0
206.0
302.0
297.0
132.0
34.0
385.0
123.5
508.5
284.5
395.0
70.5
421.0
8.0
431.0
80.0
144.5
537.0
412.5
32.5
36.0
217.0
36.0
446.5
146.0
323.5
575.0
9.0
226.0
78.0
119.0
57.5
0.0
136.0
3.5
219.0
4.5
229.0
78.0
371.0
26.0
371.5
376.5
197.5
381.5
127.5
338.0
148.5
125.5
7.5
3.0
6.0
108.5
120.0
64.5
33.5
8.5
191.5
42.5
28.0
116.0
100.0
13.5
4.5
130.5
145.5
241.5
30.0
88.0
206.0
14.5
281.0
204.0
307.5
125.5
58.0
376.5
56.5
26.5
4.5
304.5
401.5
7.0
20.0
5.0
50.0
194.5
237.0
168.0
171.5
216.5
3.0
54.0
110.0
14.0
98.5
114.0
4.5
32.0
2.0
38.5
68.0
206.5
3.5
107.0
175.0
62.5
108.0
19.0
159.0
59.5
34.5
34.5
41.0
40.5
5.0
14.5
273.0
292.5
119.5
20.5
140.0
330.0
171.5
252.5
63.0
25.5
247.5
8.0
169.5
442.0
28.5
222.0
151.5
226.5
328.5
73.5
110.5
74.5
308.0
216.5
8.5
8.5
36.5
140.5
34.0
300.5
210.5
8.0
33.5
455.5
6.0
25.5
245.5
245.0
177.0
66.5
442.5
171.5
7.5
65.0
111.0
7.0
7.5
7.0
336.5
228.5
84.5
20.5
21.5
98.5
301.5
438.0
20.0
27.0
120.0
29.5
115.0
64.0
430.5
6.0
6.5
106.0
407.5
425.5
177.5
181.5
79.0
324.0
214.5
510.0
128.5
70.5
478.0
32.0
320.0
128.5
5.5
11.0
65.0
229.5
44.0
175.0
21.5
21.0
26.0
219.5
6.0
454.5
65.5
33.0
28.0
311.0
361.0
47.5
5.0
44.5
305.5
490.0
7.5
320.5
230.5
85.5
342.0
84.0
148.5
240.0
341.5
36.5
232.0
37.5
8.5
219.5
8.5
70.5
296.5
396.0
7.5
471.0
113.0
95.0
21.0
321.0
84.5
52.5
6.0
83.5
6.0
392.0
31.0
301.0
102.5
186.5
5.0
64.5
3.0
21.5
192.5
260.0
5.5
91.0
68.5
87.0
1.0
37.0
44.0
0.5
2.0
9.0
1.5
7.0
32.0
108.0
48.5
36.5
25.5
98.5
77.5
13.0
29.5
48.5
11.5
19.0
103.0
182.5
70.5
31.0
514.0
8.5
396.0
64.5
278.0
521.5
70.0
134.0
216.0
33.5
139.5
8.0
428.0
429.5
215.5
34.5
9.0
321.0
86.5
154.0
469.5
342.5
609.5
38.0
465.0
610.0
238.0
39.0
587.5
38.5
217.5
279.5
67.0
7.0
34.0
276.5
358.5
63.0
410.0
55.5
329.0
260.0
125.5
284.5
72.0
485.5
273.0
70.0
69.5
8.0
293.5
9.0
200.0
202.5
31.0
271.5
386.0
290.0
206.0
553.0
419.0
8.0
402.0
8.5
123.0
177.5
414.5
25.5
26.5
105.5
5.5
99.0
5.5
111.5
31.5
186.0
346.5
4.5
68.5
394.5
26.0
217.0
405.5
5.5
235.0
27.0
28.5
122.0
30.0
524.5
408.0
138.0
32.5
8.5
71.5
8.0
508.0
404.0
202.0
285.0
123.5
183.5
66.0
346.5
177.5
115.0
327.0
59.5
333.5
247.5
356.0
195.0
509.0
401.5
525.0
32.5
136.0
317.5
8.5
8.5
68.5
68.0
30.5
473.5
7.5
235.5
270.0
139.5
463.5
466.5
344.5
153.0
35.5
587.0
140.0
389.5
135.0
342.0
22.5
311.0
23.5
138.5
3.5
279.5
141.0
20.5
47.0
43.0
147.5
4.5
76.5
49.5
179.0
38.0
145.5
37.5
35.5
129.0
118.5
3.5
46.5
109.5
12.5
3.5
3.0
13.5
66.0
63.5
256.0
269.5
108.5
163.5
169.5
5.0
261.0
17.5
3.0
282.0
160.0
157.0
3.5
5.0
5.0
292.0
40.5
158.5
5.5
150.0
65.0
13.0
176.5
126.5
190.0
68.0
148.0
38.5
5.5
180.5
182.5
182.0
82.5
50.0
90.5
22.5
86.5
47.0
322.5
42.5
4.5
6.5
86.0
129.5
243.5
5.0
181.0
21.5
16.5
42.0
5.0
13.5
199.5
64.0
4.5
37.5
151.0
202.0
106.0
134.5
2.5
57.5
248.5
150.5
73.5
5.0
265.5
17.0
164.5
193.5
347.0
168.0
315.0
422.0
58.5
249.0
101.0
307.5
4.0
156.5
35.5
5.0
6.0
389.5
386.0
276.5
28.0
16.0
8.0
9.0
41.5
52.0
4.5
139.5
48.5
39.5
178.5
43.0
41.5
13.0
55.5
14.0
3.0
91.0
250.0
93.0
15.5
59.0
241.5
54.5
29.5
179.0
4.0
186.0
3.5
17.0
5.5
59.0
33.5
5.5
95.0
139.0
199.5
59.5
208.0
4.0
97.0
192.0
249.0
198.0
12.5
25.0
10.0
133.5
2.0
48.0
9.5
87.5
82.0
82.0
84.0
22.5
62.5
156.0
92.5
173.0
128.0
140.0
75.5
48.5
75.0
188.0
48.0
164.5
221.5
7.5
102.0
19.0
87.0
172.5
28.0
13.0
3.0
64.0
182.5
197.5
26.0
114.0
55.0
3.5
3.5
3.5
86.0
86.0
216.5
130.5
194.5
12.5
4.0
38.5
113.5
55.0
53.5
80.5
3.5
33.5
28.0
17.0
26.5
73.0
25.5
61.0
1.5
12.5
4.0
15.0
16.0
0.5
9.0
2.5
4.5
1.0
0.5
10.5
2.0
3.0
2.5
26.5
10.5
212.0
35.0
470.0
68.5
32.0
304.0
77.5
411.0
32.0
209.5
136.0
34.5
209.0
76.0
7.5
399.0
512.0
201.0
71.0
33.0
200.5
130.0
383.0
32.5
8.5
194.0
122.5
189.0
67.0
478.0
267.0
270.5
66.5
479.5
7.5
270.0
269.5
7.5
267.0
265.0
462.0
177.5
65.0
62.5
331.0
323.0
322.5
414.5
315.0
24.5
57.5
63.0
359.0
29.0
366.5
29.0
29.0
8.0
69.5
192.5
191.5
481.5
477.5
7.0
362.0
30.5
7.5
351.5
108.5
310.5
55.0
219.0
75.0
217.5
88.5
113.0
73.5
280.0
28.0
164.5
385.0
76.5
122.0
2.0
146.5
45.5
1.5
4.5
27.0
37.5
2.5
1.5
4.5
9.5
10.0
4.5
25.0
2.0
2.0
79.0
56.5
36.5
52.0
1.0
42.5
39.5
2.0
2.0
8.0
1.5
6.0
19.5
7.5
29.5
1.0
1.5
5.5
10.5
113.5
180.5
3.0
135.5
341.0
87.5
4.5
60.0
63.0
68.0
273.0
192.5
378.5
7.5
496.5
122.0
67.5
282.0
71.0
406.0
134.0
424.5
313.0
35.5
315.0
216.5
220.5
322.5
574.0
144.5
224.0
224.5
145.5
9.0
37.0
232.0
448.0
228.0
326.5
228.5
226.5
221.0
139.5
79.0
254.5
69.5
140.826
2000
203.0
31.5
2.0
105.5
155.5
53.0
10.5
73.5
116.5
19.0
78.5
47.0
95.0
157.5
104.0
24.0
29.5
47.5
117.5
98.5
0.5
175.0
237.5
60.0
113.0
46.5
18.5
31.5
54.0
59.5
86.0
108.0
11.5
107.5
31.5
126.0
24.5
15.0
44.0
273.5
18.0
98.0
223.5
298.5
150.0
52.5
103.5
59.0
65.0
63.0
383.0
382.5
393.0
129.0
133.0
398.0
66.0
114.5
448.5
65.0
107.5
333.0
174.5
118.5
274.5
292.5
136.0
80.0
427.5
222.5
577.0
579.5
589.0
38.5
39.0
343.5
240.5
239.0
463.5
237.0
233.5
597.5
9.5
82.5
84.5
78.0
550.0
211.5
78.0
8.5
227.0
38.0
36.5
149.5
9.0
36.5
456.5
39.5
215.5
33.5
221.0
101.0
103.5
189.5
399.0
7.5
165.5
65.5
185.5
186.0
191.5
125.5
30.5
28.5
118.5
25.0
92.0
29.0
68.0
352.5
185.0
7.5
449.0
63.5
7.0
7.0
25.5
152.5
171.0
34.5
286.5
387.5
289.5
8.5
391.0
386.5
70.5
67.0
251.0
225.5
13.5
40.5
5.0
5.0
58.5
134.5
52.5
11.0
4.0
8.0
0.0
1.0
55.0
51.5
39.0
143.0
61.0
184.0
4.0
15.5
56.0
232.0
5.5
569.0
35.5
36.0
147.5
8.5
37.5
9.0
81.5
222.0
38.0
138.5
9.0
413.0
538.0
9.0
405.0
31.0
120.0
29.0
517.0
69.0
128.5
309.5
428.5
34.0
315.5
10.0
134.5
214.0
419.5
433.0
442.0
142.5
78.0
147.5
36.0
314.5
34.5
271.5
62.5
56.0
42.5
72.0
38.5
156.5
72.0
124.0
370.0
284.0
170.0
274.0
198.5
286.5
31.5
483.5
360.5
26.5
122.0
139.0
39.5
111.5
119.5
3.0
16.5
88.5
102.5
184.0
146.5
111.5
31.0
157.0
6.5
24.0
15.5
99.5
88.5
208.0
25.5
153.5
211.0
42.5
130.0
19.5
274.5
301.0
232.5
156.5
229.0
230.5
105.0
395.5
316.0
58.0
195.0
183.5
181.0
310.5
117.0
29.5
5.0
11.0
68.5
149.0
220.5
205.0
168.0
62.5
199.5
199.0
19.0
89.5
12.5
31.5
2.5
56.5
169.0
115.5
9.5
2.5
123.0
65.5
155.0
2.5
213.5
58.0
18.0
17.5
234.0
122.0
56.0
160.5
321.5
97.0
27.0
61.0
25.0
439.5
26.0
6.0
250.5
246.5
278.0
21.0
23.0
28.0
34.5
173.0
9.0
8.5
74.5
425.0
562.5
435.5
35.5
34.5
406.0
300.0
385.0
492.5
174.0
24.0
25.0
436.5
110.5
258.5
121.5
31.5
8.5
184.0
453.5
60.5
116.5
258.5
29.5
61.5
27.5
80.5
257.0
6.5
198.5
99.5
22.5
21.5
355.5
60.5
68.5
67.5
445.0
172.0
329.0
27.0
7.0
171.0
460.5
266.0
125.0
230.0
9.5
34.0
8.0
31.0
8.5
8.0
65.5
150.0
228.5
250.5
179.0
5.5
41.0
71.5
78.5
134.5
192.0
49.0
197.5
20.5
108.0
7.5
30.5
110.0
301.0
260.0
5.5
330.0
5.0
20.5
5.0
441.0
37.5
226.5
331.0
8.5
604.0
149.0
336.5
9.0
39.0
236.0
324.0
10.0
9.0
292.5
7.0
29.5
288.5
75.0
120.5
378.5
51.0
22.5
21.5
92.0
201.0
24.5
196.5
20.0
6.5
71.0
132.5
33.0
186.5
17.5
147.5
43.0
5.0
291.0
90.5
126.0
215.0
54.0
4.5
110.0
59.5
2.0
1.0
36.0
0.5
22.5
7.5
1.5
57.0
0.0
46.5
36.0
6.0
53.0
98.0
104.0
16.5
2.0
18.0
23.5
67.0
391.5
30.0
128.5
129.5
6.0
26.0
375.5
122.5
8.0
522.0
33.0
554.5
429.5
427.0
140.0
140.5
435.0
570.0
83.0
84.0
154.0
241.0
346.0
10.5
469.5
467.0
85.5
84.0
35.5
84.0
337.0
231.5
541.5
501.5
282.0
205.0
34.5
119.0
467.0
114.0
65.5
226.5
444.0
473.5
30.0
385.5
122.5
32.0
66.0
272.5
8.0
7.0
195.5
123.0
385.0
199.0
494.0
30.0
7.0
394.5
200.5
78.0
73.5
528.0
206.0
504.5
7.5
67.0
29.0
412.0
7.5
159.0
5.0
165.5
109.0
467.5
29.5
357.5
260.0
187.5
66.0
177.5
171.5
5.0
228.0
422.0
103.0
106.0
60.5
64.5
381.5
67.5
69.0
305.0
138.0
79.5
280.5
119.0
32.5
299.5
207.0
35.5
376.5
372.0
7.0
67.0
67.5
114.0
422.0
7.0
162.5
6.0
64.0
29.0
379.0
7.5
30.5
302.0
541.0
213.0
422.0
35.5
490.0
280.0
377.0
271.5
67.0
442.5
246.0
33.0
464.0
239.5
152.5
237.5
244.5
40.0
292.0
33.0
39.5
25.5
6.5
173.5
49.0
3.0
102.0
4.5
5.5
86.5
191.5
134.5
161.5
40.5
115.0
137.5
17.0
36.5
37.5
63.5
35.5
130.0
203.0
30.5
2.0
4.0
13.0
2.5
56.5
133.5
36.5
87.5
190.0
200.0
203.5
5.0
69.5
208.5
151.0
261.5
201.0
13.5
3.0
167.0
43.0
229.0
228.5
285.5
4.5
38.5
102.0
239.0
2.5
14.5
3.0
239.0
18.0
37.5
63.5
4.0
319.5
86.0
19.0
20.0
260.5
21.5
137.0
193.0
134.0
88.5
185.0
47.5
78.5
24.0
134.5
181.5
5.5
46.5
19.5
299.5
19.0
281.0
18.0
42.0
17.0
103.5
108.0
3.5
74.5
265.5
18.0
61.0
31.0
195.0
269.5
65.0
154.5
215.5
3.5
217.0
116.5
293.5
305.5
69.0
454.0
245.5
160.0
272.0
227.5
194.0
1.5
55.5
16.5
132.0
55.5
139.5
49.0
227.5
25.5
192.0
155.0
34.0
100.5
2.0
18.0
4.0
8.5
10.5
55.5
137.5
202.5
13.0
49.0
127.5
88.5
92.5
34.5
36.0
4.0
178.5
222.0
85.5
168.5
59.5
93.0
62.0
35.0
182.0
15.5
195.0
5.5
131.0
242.0
91.0
242.0
180.0
4.0
181.5
84.0
84.0
3.0
206.0
174.0
9.5
72.0
14.5
148.5
3.0
125.5
88.5
39.0
23.5
24.5
129.0
47.5
101.0
24.0
26.5
106.5
144.0
106.5
29.5
185.0
102.0
2.5
91.0
88.5
7.0
108.5
68.5
28.0
75.5
29.0
81.5
13.0
98.0
104.0
51.0
52.5
126.5
182.0
35.5
14.5
63.0
218.0
28.0
179.0
57.5
121.5
86.0
53.5
40.5
182.0
89.5
9.0
21.0
54.5
6.0
68.0
0.5
29.5
1.5
2.5
4.5
33.5
1.0
15.0
0.0
6.0
0.5
0.5
5.5
6.5
3.0
8.5
12.0
5.0
8.0
12.5
19.5
4.0
95.0
25.0
268.5
193.0
32.5
418.5
215.0
302.5
78.0
34.5
211.0
76.0
33.5
306.5
9.0
400.0
72.0
130.5
130.5
7.0
290.0
389.0
32.0
197.5
72.0
375.0
275.5
273.0
69.5
272.0
269.5
364.0
477.0
366.0
485.5
481.0
30.0
357.5
29.0
361.0
183.5
66.0
66.0
174.0
28.0
319.5
413.0
411.5
232.5
6.5
6.0
172.0
115.5
271.5
7.5
474.0
485.0
487.0
269.5
187.5
491.0
371.0
67.0
359.0
269.0
365.5
180.5
254.5
230.5
81.5
358.0
161.5
4.0
76.5
39.5
22.5
138.5
29.0
63.5
117.5
32.0
9.0
29.0
30.0
90.5
2.0
13.5
3.5
4.5
9.0
17.0
9.0
9.0
9.5
39.5
9.5
25.5
96.0
75.0
88.0
48.0
82.0
13.5
5.0
39.5
24.5
4.5
2.0
11.0
1.5
27.0
2.0
61.0
27.0
33.0
26.0
73.0
95.0
99.0
4.5
172.5
360.0
6.5
310.0
304.5
455.5
6.5
484.5
272.5
69.0
124.5
374.0
274.5
8.5
502.5
508.0
515.0
523.5
205.0
210.5
76.5
564.0
220.5
35.0
79.0
221.0
34.5
573.5
8.5
441.5
324.0
36.5
225.0
81.0
8.5
37.5
325.0
445.0
9.5
226.0
9.0
75.5
7.5
22.5
178.0
37.0
29.5
14.0
87.0
113.5
4.0
53.5
26.0
3.0
4.0
7.5
36.0
72.0
7.0
2.5
5.0
2.0
111.5
102.0
87.5
41.0
3.5
3.0
2.0
0.5
42.5
13.0
54.0
137.5
10.0
55.0
124.0
8.0
8.5
124.5
2.0
79.5
172.5
132.5
2.0
449.5
332.0
228.5
23.5
97.0
239.0
25.5
66.5
63.5
66.0
70.5
123.5
538.5
538.5
32.0
30.0
67.0
8.0
5.5
27.0
112.5
27.0
6.0
67.5
73.0
135.0
547.5
8.5
413.5
79.5
214.0
8.0
430.5
449.5
238.0
239.0
461.5
236.0
228.5
454.0
37.5
326.0
146.5
221.0
311.0
417.5
570.0
575.5
150.5
607.0
148.5
36.0
604.5
149.5
148.5
10.5
567.5
184.5
425.0
26.5
281.0
22.5
25.5
135.5
535.0
59.0
114.5
29.0
185.0
361.5
66.0
175.0
447.5
247.0
108.0
316.0
321.5
64.0
439.5
67.0
31.0
260.0
29.5
392.5
6.5
194.0
214.0
347.5
123.0
198.0
7.5
521.5
204.0
200.5
31.0
279.0
356.5
223.0
27.5
61.5
159.0
70.0
31.5
66.5
50.5
15.0
12.5
0.0
3.5
0.0
2.0
76.5
8.0
13.5
199.0
240.0
17.0
4.0
60.0
17.0
104.0
6.5
199.5
445.0
452.0
147.0
428.0
34.0
8.5
137.0
9.5
34.0
206.0
302.0
297.0
132.0
34.0
385.0
123.5
508.5
284.5
395.0
70.5
421.0
8.0
431.0
80.0
144.5
537.0
412.5
32.5
36.0
217.0
36.0
446.5
146.0
323.5
575.0
9.0
226.0
78.0
119.0
57.5
0.0
136.0
3.5
219.0
4.5
229.0
78.0
371.0
26.0
371.5
376.5
197.5
381.5
127.5
338.0
148.5
125.5
7.5
3.0
6.0
108.5
120.0
64.5
33.5
8.5
191.5
42.5
28.0
116.0
100.0
13.5
4.5
130.5
145.5
241.5
30.0
88.0
206.0
14.5
281.0
204.0
307.5
125.5
58.0
376.5
56.5
26.5
4.5
304.5
401.5
7.0
20.0
5.0
50.0
194.5
237.0
168.0
171.5
216.5
3.0
54.0
110.0
14.0
98.5
114.0
4.5
32.0
2.0
38.5
68.0
206.5
3.5
107.0
175.0
62.5
108.0
19.0
159.0
59.5
34.5
34.5
41.0
40.5
5.0
14.5
273.0
292.5
119.5
20.5
140.0
330.0
171.5
252.5
63.0
25.5
247.5
8.0
169.5
442.0
28.5
222.0
151.5
226.5
328.5
73.5
110.5
74.5
308.0
216.5
8.5
8.5
36.5
140.5
34.0
300.5
210.5
8.0
33.5
455.5
6.0
25.5
245.5
245.0
177.0
66.5
442.5
171.5
7.5
65.0
111.0
7.0
7.5
7.0
336.5
228.5
84.5
20.5
21.5
98.5
301.5
438.0
20.0
27.0
120.0
29.5
115.0
64.0
430.5
6.0
6.5
106.0
407.5
425.5
177.5
181.5
79.0
324.0
214.5
510.0
128.5
70.5
478.0
32.0
320.0
128.5
5.5
11.0
65.0
229.5
44.0
175.0
21.5
21.0
26.0
219.5
6.0
454.5
65.5
33.0
28.0
311.0
361.0
47.5
5.0
44.5
305.5
490.0
7.5
320.5
230.5
85.5
342.0
84.0
148.5
240.0
341.5
36.5
232.0
37.5
8.5
219.5
8.5
70.5
296.5
396.0
7.5
471.0
113.0
95.0
21.0
321.0
84.5
52.5
6.0
83.5
6.0
392.0
31.0
301.0
102.5
186.5
5.0
64.5
3.0
21.5
192.5
260.0
5.5
91.0
68.5
87.0
1.0
37.0
44.0
0.5
2.0
9.0
1.5
7.0
32.0
108.0
48.5
36.5
25.5
98.5
77.5
13.0
29.5
48.5
11.5
19.0
103.0
182.5
70.5
31.0
514.0
8.5
396.0
64.5
278.0
521.5
70.0
134.0
216.0
33.5
139.5
8.0
428.0
429.5
215.5
34.5
9.0
321.0
86.5
154.0
469.5
342.5
609.5
38.0
465.0
610.0
238.0
39.0
587.5
38.5
217.5
279.5
67.0
7.0
34.0
276.5
358.5
63.0
410.0
55.5
329.0
260.0
125.5
284.5
72.0
485.5
273.0
70.0
69.5
8.0
293.5
9.0
200.0
202.5
31.0
271.5
386.0
290.0
206.0
553.0
419.0
8.0
402.0
8.5
123.0
177.5
414.5
25.5
26.5
105.5
5.5
99.0
5.5
111.5
31.5
186.0
346.5
4.5
68.5
394.5
26.0
217.0
405.5
5.5
235.0
27.0
28.5
122.0
30.0
524.5
408.0
138.0
32.5
8.5
71.5
8.0
508.0
404.0
202.0
285.0
123.5
183.5
66.0
346.5
177.5
115.0
327.0
59.5
333.5
247.5
356.0
195.0
509.0
401.5
525.0
32.5
136.0
317.5
8.5
8.5
68.5
68.0
30.5
473.5
7.5
235.5
270.0
139.5
463.5
466.5
344.5
153.0
35.5
587.0
140.0
389.5
135.0
342.0
22.5
311.0
23.5
138.5
3.5
279.5
141.0
20.5
47.0
43.0
147.5
4.5
76.5
49.5
179.0
38.0
145.5
37.5
35.5
129.0
118.5
3.5
46.5
109.5
12.5
3.5
3.0
13.5
66.0
63.5
256.0
269.5
108.5
163.5
169.5
5.0
261.0
17.5
3.0
282.0
160.0
157.0
3.5
5.0
5.0
292.0
40.5
158.5
5.5
150.0
65.0
13.0
176.5
126.5
190.0
68.0
148.0
38.5
5.5
180.5
182.5
182.0
82.5
50.0
90.5
22.5
86.5
47.0
322.5
42.5
4.5
6.5
86.0
129.5
243.5
5.0
181.0
21.5
16.5
42.0
5.0
13.5
199.5
64.0
4.5
37.5
151.0
202.0
106.0
134.5
2.5
57.5
248.5
150.5
73.5
5.0
265.5
17.0
164.5
193.5
347.0
168.0
315.0
422.0
58.5
249.0
101.0
307.5
4.0
156.5
35.5
5.0
6.0
389.5
386.0
276.5
28.0
16.0
8.0
9.0
41.5
52.0
4.5
139.5
48.5
39.5
178.5
43.0
41.5
13.0
55.5
14.0
3.0
91.0
250.0
93.0
15.5
59.0
241.5
54.5
29.5
179.0
4.0
186.0
3.5
17.0
5.5
59.0
33.5
5.5
95.0
139.0
199.5
59.5
208.0
4.0
97.0
192.0
249.0
198.0
12.5
25.0
10.0
133.5
2.0
48.0
9.5
87.5
82.0
82.0
84.0
22.5
62.5
156.0
92.5
173.0
128.0
140.0
75.5
48.5
75.0
188.0
48.0
164.5
221.5
7.5
102.0
19.0
87.0
172.5
28.0
13.0
3.0
64.0
182.5
197.5
26.0
114.0
55.0
3.5
3.5
3.5
86.0
86.0
216.5
130.5
194.5
12.5
4.0
38.5
113.5
55.0
53.5
80.5
3.5
33.5
28.0
17.0
26.5
73.0
25.5
61.0
1.5
12.5
4.0
15.0
16.0
0.5
9.0
2.5
4.5
1.0
0.5
10.5
2.0
3.0
2.5
26.5
10.5
212.0
35.0
470.0
68.5
32.0
304.0
77.5
411.0
32.0
209.5
136.0
34.5
209.0
76.0
7.5
399.0
512.0
201.0
71.0
33.0
200.5
130.0
383.0
32.5
8.5
194.0
122.5
189.0
67.0
478.0
267.0
270.5
66.5
479.5
7.5
270.0
269.5
7.5
267.0
265.0
462.0
177.5
65.0
62.5
331.0
323.0
322.5
414.5
315.0
24.5
57.5
63.0
359.0
29.0
366.5
29.0
29.0
8.0
69.5
192.5
191.5
481.5
477.5
7.0
362.0
30.5
7.5
351.5
108.5
310.5
55.0
219.0
75.0
217.5
88.5
113.0
73.5
280.0
28.0
164.5
385.0
76.5
122.0
2.0
146.5
45.5
1.5
4.5
27.0
37.5
2.5
1.5
4.5
9.5
10.0
4.5
25.0
2.0
2.0
79.0
56.5
36.5
52.0
1.0
42.5
39.5
2.0
2.0
8.0
1.5
6.0
19.5
7.5
29.5
1.0
1.5
5.5
10.5
113.5
180.5
3.0
135.5
341.0
87.5
4.5
60.0
63.0
68.0
273.0
192.5
378.5
7.5
496.5
122.0
67.5
282.0
71.0
406.0
134.0
424.5
313.0
35.5
315.0
216.5
220.5
322.5
574.0
144.5
224.0
224.5
145.5
9.0
37.0
232.0
448.0
228.0
326.5
228.5
226.5
221.0
139.5
79.0
254.5
69.5
140.826
2000
203.0
31.5
2.0
105.5
155.5
53.0
10.5
73.5
116.5
19.0
78.5
47.0
95.0
157.5
104.0
24.0
29.5
47.5
117.5
98.5
0.5
175.0
237.5
60.0
113.0
46.5
18.5
31.5
54.0
59.5
86.0
108.0
11.5
107.5
31.5
126.0
24.5
15.0
44.0
273.5
18.0
98.0
223.5
298.5
150.0
52.5
103.5
59.0
65.0
63.0
383.0
382.5
393.0
129.0
133.0
398.0
66.0
114.5
448.5
65.0
107.5
333.0
174.5
118.5
274.5
292.5
136.0
80.0
427.5
222.5
577.0
579.5
589.0
38.5
39.0
343.5
240.5
239.0
463.5
237.0
233.5
597.5
9.5
82.5
84.5
78.0
550.0
211.5
78.0
8.5
227.0
38.0
36.5
149.5
9.0
36.5
456.5
39.5
215.5
33.5
221.0
101.0
103.5
189.5
399.0
7.5
165.5
65.5
185.5
186.0
191.5
125.5
30.5
28.5
118.5
25.0
92.0
29.0
68.0
352.5
185.0
7.5
449.0
63.5
7.0
7.0
25.5
152.5
171.0
34.5
286.5
387.5
289.5
8.5
391.0
386.5
70.5
67.0
251.0
225.5
13.5
40.5
5.0
5.0
58.5
134.5
52.5
11.0
4.0
8.0
0.0
1.0
55.0
51.5
39.0
143.0
61.0
184.0
4.0
15.5
56.0
232.0
5.5
569.0
35.5
36.0
147.5
8.5
37.5
9.0
81.5
222.0
38.0
138.5
9.0
413.0
538.0
9.0
405.0
31.0
120.0
29.0
517.0
69.0
128.5
309.5
428.5
34.0
315.5
10.0
134.5
214.0
419.5
433.0
442.0
142.5
78.0
147.5
36.0
314.5
34.5
271.5
62.5
56.0
42.5
72.0
38.5
156.5
72.0
124.0
370.0
284.0
170.0
274.0
198.5
286.5
31.5
483.5
360.5
26.5
122.0
139.0
39.5
111.5
119.5
3.0
16.5
88.5
102.5
184.0
146.5
111.5
31.0
157.0
6.5
24.0
15.5
99.5
88.5
208.0
25.5
153.5
211.0
42.5
130.0
19.5
274.5
301.0
232.5
156.5
229.0
230.5
105.0
395.5
316.0
58.0
195.0
183.5
181.0
310.5
117.0
29.5
5.0
11.0
68.5
149.0
220.5
205.0
168.0
62.5
199.5
199.0
19.0
89.5
12.5
31.5
2.5
56.5
169.0
115.5
9.5
2.5
123.0
65.5
155.0
2.5
213.5
58.0
18.0
17.5
234.0
122.0
56.0
160.5
321.5
97.0
27.0
61.0
25.0
439.5
26.0
6.0
250.5
246.5
278.0
21.0
23.0
28.0
34.5
173.0
9.0
8.5
74.5
425.0
562.5
435.5
35.5
34.5
406.0
300.0
385.0
492.5
174.0
24.0
25.0
436.5
110.5
258.5
121.5
31.5
8.5
184.0
453.5
60.5
116.5
258.5
29.5
61.5
27.5
80.5
257.0
6.5
198.5
99.5
22.5
21.5
355.5
60.5
68.5
67.5
445.0
172.0
329.0
27.0
7.0
171.0
460.5
266.0
125.0
230.0
9.5
34.0
8.0
31.0
8.5
8.0
65.5
150.0
228.5
250.5
179.0
5.5
41.0
71.5
78.5
134.5
192.0
49.0
197.5
20.5
108.0
7.5
30.5
110.0
301.0
260.0
5.5
330.0
5.0
20.5
5.0
441.0
37.5
226.5
331.0
8.5
604.0
149.0
336.5
9.0
39.0
236.0
324.0
10.0
9.0
292.5
7.0
29.5
288.5
75.0
120.5
378.5
51.0
22.5
21.5
92.0
201.0
24.5
196.5
20.0
6.5
71.0
132.5
33.0
186.5
17.5
147.5
43.0
5.0
291.0
90.5
126.0
215.0
54.0
4.5
110.0
59.5
2.0
1.0
36.0
0.5
22.5
7.5
1.5
57.0
0.0
46.5
36.0
6.0
53.0
98.0
104.0
16.5
2.0
18.0
23.5
67.0
391.5
30.0
128.5
129.5
6.0
26.0
375.5
122.5
8.0
522.0
33.0
554.5
429.5
427.0
140.0
140.5
435.0
570.0
83.0
84.0
154.0
241.0
346.0
10.5
469.5
467.0
85.5
84.0
35.5
84.0
337.0
231.5
541.5
501.5
282.0
205.0
34.5
119.0
467.0
114.0
65.5
226.5
444.0
473.5
30.0
385.5
122.5
32.0
66.0
272.5
8.0
7.0
195.5
123.0
385.0
199.0
494.0
30.0
7.0
394.5
200.5
78.0
73.5
528.0
206.0
504.5
7.5
67.0
29.0
412.0
7.5
159.0
5.0
165.5
109.0
467.5
29.5
357.5
260.0
187.5
66.0
177.5
171.5
5.0
228.0
422.0
103.0
106.0
60.5
64.5
381.5
67.5
69.0
305.0
138.0
79.5
280.5
119.0
32.5
299.5
207.0
35.5
376.5
372.0
7.0
67.0
67.5
114.0
422.0
7.0
162.5
6.0
64.0
29.0
379.0
7.5
30.5
302.0
541.0
213.0
422.0
35.5
490.0
280.0
377.0
271.5
67.0
442.5
246.0
33.0
464.0
239.5
152.5
237.5
244.5
40.0
292.0
33.0
39.5
25.5
6.5
173.5
49.0
3.0
102.0
4.5
5.5
86.5
191.5
134.5
161.5
40.5
115.0
137.5
17.0
36.5
37.5
63.5
35.5
130.0
203.0
30.5
2.0
4.0
13.0
2.5
56.5
133.5
36.5
87.5
190.0
200.0
203.5
5.0
69.5
208.5
151.0
261.5
201.0
13.5
3.0
167.0
43.0
229.0
228.5
285.5
4.5
38.5
102.0
239.0
2.5
14.5
3.0
239.0
18.0
37.5
63.5
4.0
319.5
86.0
19.0
20.0
260.5
21.5
137.0
193.0
134.0
88.5
185.0
47.5
78.5
24.0
134.5
181.5
5.5
46.5
19.5
299.5
19.0
281.0
18.0
42.0
17.0
103.5
108.0
3.5
74.5
265.5
18.0
61.0
31.0
195.0
269.5
65.0
154.5
215.5
3.5
217.0
116.5
293.5
305.5
69.0
454.0
245.5
160.0
272.0
227.5
194.0
1.5
55.5
16.5
132.0
55.5
139.5
49.0
227.5
25.5
192.0
155.0
34.0
100.5
2.0
18.0
4.0
8.5
10.5
55.5
137.5
202.5
13.0
49.0
127.5
88.5
92.5
34.5
36.0
4.0
178.5
222.0
85.5
168.5
59.5
93.0
62.0
35.0
182.0
15.5
195.0
5.5
131.0
242.0
91.0
242.0
180.0
4.0
181.5
84.0
84.0
3.0
206.0
174.0
9.5
72.0
14.5
148.5
3.0
125.5
88.5
39.0
23.5
24.5
129.0
47.5
101.0
24.0
26.5
106.5
144.0
106.5
29.5
185.0
102.0
2.5
91.0
88.5
7.0
108.5
68.5
28.0
75.5
29.0
81.5
13.0
98.0
104.0
51.0
52.5
126.5
182.0
35.5
14.5
63.0
218.0
28.0
179.0
57.5
121.5
86.0
53.5
40.5
182.0
89.5
9.0
21.0
54.5
6.0
68.0
0.5
29.5
1.5
2.5
4.5
33.5
1.0
15.0
0.0
6.0
0.5
0.5
5.5
6.5
3.0
8.5
12.0
5.0
8.0
12.5
19.5
4.0
95.0
25.0
268.5
193.0
32.5
418.5
215.0
302.5
78.0
34.5
211.0
76.0
33.5
306.5
9.0
400.0
72.0
130.5
130.5
7.0
290.0
389.0
32.0
197.5
72.0
375.0
275.5
273.0
69.5
272.0
269.5
364.0
477.0
366.0
485.5
481.0
30.0
357.5
29.0
361.0
183.5
66.0
66.0
174.0
28.0
319.5
413.0
411.5
232.5
6.5
6.0
172.0
115.5
271.5
7.5
474.0
485.0
487.0
269.5
187.5
491.0
371.0
67.0
359.0
269.0
365.5
180.5
254.5
230.5
81.5
358.0
161.5
4.0
76.5
39.5
22.5
138.5
29.0
63.5
117.5
32.0
9.0
29.0
30.0
90.5
2.0
13.5
3.5
4.5
9.0
17.0
9.0
9.0
9.5
39.5
9.5
25.5
96.0
75.0
88.0
48.0
82.0
13.5
5.0
39.5
24.5
4.5
2.0
11.0
1.5
27.0
2.0
61.0
27.0
33.0
26.0
73.0
95.0
99.0
4.5
172.5
360.0
6.5
310.0
304.5
455.5
6.5
484.5
272.5
69.0
124.5
374.0
274.5
8.5
502.5
508.0
515.0
523.5
205.0
210.5
76.5
564.0
220.5
35.0
79.0
221.0
34.5
573.5
8.5
441.5
324.0
36.5
225.0
81.0
8.5
37.5
325.0
445.0
9.5
226.0
9.0
75.5
7.5
22.5
178.0
37.0
29.5
14.0
87.0
113.5
4.0
53.5
26.0
3.0
4.0
7.5
36.0
72.0
7.0
2.5
5.0
2.0
111.5
102.0
87.5
41.0
3.5
3.0
2.0
0.5
42.5
13.0
54.0
137.5
10.0
55.0
124.0
8.0
8.5
124.5
2.0
79.5
172.5
132.5
2.0
449.5
332.0
228.5
23.5
97.0
239.0
25.5
66.5
63.5
66.0
70.5
123.5
538.5
538.5
32.0
30.0
67.0
8.0
5.5
27.0
112.5
27.0
6.0
67.5
73.0
135.0
547.5
8.5
413.5
79.5
214.0
8.0
430.5
449.5
238.0
239.0
461.5
236.0
228.5
454.0
37.5
326.0
146.5
221.0
311.0
417.5
570.0
575.5
150.5
607.0
148.5
36.0
604.5
149.5
148.5
10.5
567.5
184.5
425.0
26.5
281.0
22.5
25.5
135.5
535.0
59.0
114.5
29.0
185.0
361.5
66.0
175.0
447.5
247.0
108.0
316.0
321.5
64.0
439.5
67.0
31.0
260.0
29.5
392.5
6.5
194.0
214.0
347.5
123.0
198.0
7.5
521.5
204.0
200.5
31.0
279.0
356.5
223.0
27.5
61.5
159.0
70.0
31.5
66.5
50.5
15.0
12.5
0.0
3.5
0.0
2.0
76.5
8.0
13.5
199.0
240.0
17.0
4.0
60.0
17.0
104.0
6.5
199.5
445.0
452.0
147.0
428.0
34.0
8.5
137.0
9.5
34.0
206.0
302.0
297.0
132.0
34.0
385.0
123.5
508.5
284.5
395.0
70.5
421.0
8.0
431.0
80.0
144.5
537.0
412.5
32.5
36.0
217.0
36.0
446.5
146.0
323.5
575.0
9.0
226.0
78.0
119.0
57.5
0.0
136.0
3.5
219.0
4.5
229.0
78.0
371.0
26.0
371.5
376.5
197.5
381.5
127.5
338.0
148.5
125.5
7.5
3.0
6.0
108.5
120.0
64.5
33.5
8.5
191.5
42.5
28.0
116.0
100.0
13.5
4.5
130.5
145.5
241.5
30.0
88.0
206.0
14.5
281.0
204.0
307.5
125.5
58.0
376.5
56.5
26.5
4.5
304.5
401.5
7.0
20.0
5.0
50.0
194.5
237.0
168.0
171.5
216.5
3.0
54.0
110.0
14.0
98.5
114.0
4.5
32.0
2.0
38.5
68.0
206.5
3.5
107.0
175.0
62.5
108.0
19.0
159.0
59.5
34.5
34.5
41.0
40.5
5.0
14.5
273.0
292.5
119.5
20.5
140.0
330.0
171.5
252.5
63.0
25.5
247.5
8.0
169.5
442.0
28.5
222.0
151.5
226.5
328.5
73.5
110.5
74.5
308.0
216.5
8.5
8.5
36.5
140.5
34.0
300.5
210.5
8.0
33.5
455.5
6.0
25.5
245.5
245.0
177.0
66.5
442.5
171.5
7.5
65.0
111.0
7.0
7.5
7.0
336.5
228.5
84.5
20.5
21.5
98.5
301.5
438.0
20.0
27.0
120.0
29.5
115.0
64.0
430.5
6.0
6.5
106.0
407.5
425.5
177.5
181.5
79.0
324.0
214.5
510.0
128.5
70.5
478.0
32.0
320.0
128.5
5.5
11.0
65.0
229.5
44.0
175.0
21.5
21.0
26.0
219.5
6.0
454.5
65.5
33.0
28.0
311.0
361.0
47.5
5.0
44.5
305.5
490.0
7.5
320.5
230.5
85.5
342.0
84.0
148.5
240.0
341.5
36.5
232.0
37.5
8.5
219.5
8.5
70.5
296.5
396.0
7.5
471.0
113.0
95.0
21.0
321.0
84.5
52.5
6.0
83.5
6.0
392.0
31.0
301.0
102.5
186.5
5.0
64.5
3.0
21.5
192.5
260.0
5.5
91.0
68.5
87.0
1.0
37.0
44.0
0.5
2.0
9.0
1.5
7.0
32.0
108.0
48.5
36.5
25.5
98.5
77.5
13.0
29.5
48.5
11.5
19.0
103.0
182.5
70.5
31.0
514.0
8.5
396.0
64.5
278.0
521.5
70.0
134.0
216.0
33.5
139.5
8.0
428.0
429.5
215.5
34.5
9.0
321.0
86.5
154.0
469.5
342.5
609.5
38.0
465.0
610.0
238.0
39.0
587.5
38.5
217.5
279.5
67.0
7.0
34.0
276.5
358.5
63.0
410.0
55.5
329.0
260.0
125.5
284.5
72.0
485.5
273.0
70.0
69.5
8.0
293.5
9.0
200.0
202.5
31.0
271.5
386.0
290.0
206.0
553.0
419.0
8.0
402.0
8.5
123.0
177.5
414.5
25.5
26.5
105.5
5.5
99.0
5.5
111.5
31.5
186.0
346.5
4.5
68.5
394.5
26.0
217.0
405.5
5.5
235.0
27.0
28.5
122.0
30.0
524.5
408.0
138.0
32.5
8.5
71.5
8.0
508.0
404.0
202.0
285.0
123.5
183.5
66.0
346.5
177.5
115.0
327.0
59.5
333.5
247.5
356.0
195.0
509.0
401.5
525.0
32.5
136.0
317.5
8.5
8.5
68.5
68.0
30.5
473.5
7.5
235.5
270.0
139.5
463.5
466.5
344.5
153.0
35.5
587.0
140.0
389.5
135.0
342.0
22.5
311.0
23.5
138.5
3.5
279.5
141.0
20.5
47.0
43.0
147.5
4.5
76.5
49.5
179.0
38.0
145.5
37.5
35.5
129.0
118.5
3.5
46.5
109.5
12.5
3.5
3.0
13.5
66.0
63.5
256.0
269.5
108.5
163.5
169.5
5.0
261.0
17.5
3.0
282.0
160.0
157.0
3.5
5.0
5.0
292.0
40.5
158.5
5.5
150.0
65.0
13.0
176.5
126.5
190.0
68.0
148.0
38.5
5.5
180.5
182.5
182.0
82.5
50.0
90.5
22.5
86.5
47.0
322.5
42.5
4.5
6.5
86.0
129.5
243.5
5.0
181.0
21.5
16.5
42.0
5.0
13.5
199.5
64.0
4.5
37.5
151.0
202.0
106.0
134.5
2.5
57.5
248.5
150.5
73.5
5.0
265.5
17.0
164.5
193.5
347.0
168.0
315.0
422.0
58.5
249.0
101.0
307.5
4.0
156.5
35.5
5.0
6.0
389.5
386.0
276.5
28.0
16.0
8.0
9.0
41.5
52.0
4.5
139.5
48.5
39.5
178.5
43.0
41.5
13.0
55.5
14.0
3.0
91.0
250.0
93.0
15.5
59.0
241.5
54.5
29.5
179.0
4.0
186.0
3.5
17.0
5.5
59.0
33.5
5.5
95.0
139.0
199.5
59.5
208.0
4.0
97.0
192.0
249.0
198.0
12.5
25.0
10.0
133.5
2.0
48.0
9.5
87.5
82.0
82.0
84.0
22.5
62.5
156.0
92.5
173.0
128.0
140.0
75.5
48.5
75.0
188.0
48.0
164.5
221.5
7.5
102.0
19.0
87.0
172.5
28.0
13.0
3.0
64.0
182.5
197.5
26.0
114.0
55.0
3.5
3.5
3.5
86.0
86.0
216.5
130.5
194.5
12.5
4.0
38.5
113.5
55.0
53.5
80.5
3.5
33.5
28.0
17.0
26.5
73.0
25.5
61.0
1.5
12.5
4.0
15.0
16.0
0.5
9.0
2.5
4.5
1.0
0.5
10.5
2.0
3.0
2.5
26.5
10.5
212.0
35.0
470.0
68.5
32.0
304.0
77.5
411.0
32.0
209.5
136.0
34.5
209.0
76.0
7.5
399.0
512.0
201.0
71.0
33.0
200.5
130.0
383.0
32.5
8.5
194.0
122.5
189.0
67.0
478.0
267.0
270.5
66.5
479.5
7.5
270.0
269.5
7.5
267.0
265.0
462.0
177.5
65.0
62.5
331.0
323.0
322.5
414.5
315.0
24.5
57.5
63.0
359.0
29.0
366.5
29.0
29.0
8.0
69.5
192.5
191.5
481.5
477.5
7.0
362.0
30.5
7.5
351.5
108.5
310.5
55.0
219.0
75.0
217.5
88.5
113.0
73.5
280.0
28.0
164.5
385.0
76.5
122.0
2.0
146.5
45.5
1.5
4.5
27.0
37.5
2.5
1.5
4.5
9.5
10.0
4.5
25.0
2.0
2.0
79.0
56.5
36.5
52.0
1.0
42.5
39.5
2.0
2.0
8.0
1.5
6.0
19.5
7.5
29.5
1.0
1.5
5.5
10.5
113.5
180.5
3.0
135.5
341.0
87.5
4.5
60.0
63.0
68.0
273.0
192.5
378.5
7.5
496.5
122.0
67.5
282.0
71.0
406.0
134.0
424.5
313.0
35.5
315.0
216.5
220.5
322.5
574.0
144.5
224.0
224.5
145.5
9.0
37.0
232.0
448.0
228.0
326.5
228.5
226.5
221.0
139.5
79.0
254.5
69.5
